1	90.0	92.0	94.0	96.0	
2	90.0	92.0	94.0	96.0	
3	90.0	92.0	94.0	96.0	
4	90.0	92.0	94.0	96.0	
5	90.0	92.0	94.0	96.0	
6	90.0	92.0	94.0	96.0	
7	90.0	92.0	94.0	96.0	
8	90.0	92.0	94.0	96.0	
9	90.0	92.0	94.0	96.0	
10	90.0	92.0	94.0	96.0	
11	90.0	92.0	94.0	96.0	
12	90.0	92.0	94.0	96.0	
13	90.0	92.0	94.0	96.0	
14	90.0	92.0	94.0	96.0	
15	90.0	92.0	94.0	96.0	
16	90.0	92.0	94.0	96.0	
17	90.0	92.0	94.0	96.0	
18	90.0	92.0	94.0	96.0	
19	90.0	92.0	94.0	96.0	
20	90.0	92.0	94.0	96.0	
21	90.0	92.0	94.0	96.0	
22	90.0	92.0	94.0	96.0	
23	90.0	92.0	94.0	96.0	
24	90.0	92.0	94.0	96.0	
25	90.0	92.0	94.0	96.0	
26	90.0	92.0	94.0	96.0	
27	90.0	92.0	94.0	96.0	
28	90.0	92.0	94.0	96.0	
29	90.0	92.0	94.0	96.0	
30	90.0	92.0	94.0	96.0	
31	90.0	92.0	94.0	96.0	
32	90.0	92.0	94.0	96.0	
33	90.0	92.0	94.0	96.0	
34	90.0	92.0	94.0	96.0	
35	90.0	92.0	94.0	96.0	
36	90.0	92.0	94.0	96.0	
37	90.0	92.0	94.0	96.0	
38	90.0	92.0	94.0	96.0	
39	90.0	92.0	94.0	96.0	
40	90.0	92.0	94.0	96.0	
41	90.0	92.0	94.0	96.0	
42	90.0	92.0	94.0	96.0	
43	90.0	92.0	94.0	96.0	
44	90.0	92.0	94.0	96.0	
45	90.0	92.0	94.0	96.0	
46	90.0	92.0	94.0	96.0	
47	90.0	92.0	94.0	96.0	
48	90.0	92.0	94.0	96.0	
49	90.0	92.0	94.0	96.0	
50	90.0	92.0	94.0	96.0	
51	90.0	92.0	94.0	96.0	
52	90.0	92.0	94.0	96.0	
53	90.0	92.0	94.0	96.0	
54	90.0	92.0	94.0	96.0	
55	90.0	92.0	94.0	96.0	
56	90.0	92.0	94.0	96.0	
57	90.0	92.0	94.0	96.0	
58	90.0	92.0	94.0	96.0	
59	90.0	92.0	94.0	96.0	
60	90.0	92.0	94.0	96.0	
61	90.0	92.0	94.0	96.0	
62	90.0	92.0	94.0	96.0	
63	90.0	92.0	94.0	96.0	
64	90.0	92.0	94.0	96.0	
65	90.0	92.0	94.0	96.0	
66	90.0	92.0	94.0	96.0	
67	90.0	92.0	94.0	96.0	
68	90.0	92.0	94.0	96.0	
69	90.0	92.0	94.0	96.0	
70	90.0	92.0	94.0	96.0	
71	90.0	92.0	94.0	96.0	
72	90.0	92.0	94.0	96.0	
73	90.0	92.0	94.0	96.0	
74	90.0	92.0	94.0	96.0	
75	90.0	92.0	94.0	96.0	
76	90.0	92.0	94.0	96.0	
77	90.0	92.0	94.0	96.0	
78	90.0	92.0	94.0	96.0	
79	90.0	92.0	94.0	96.0	
80	90.0	92.0	94.0	96.0	
81	90.0	92.0	94.0	96.0	
82	90.0	92.0	94.0	96.0	
83	90.0	92.0	94.0	96.0	
84	90.0	92.0	94.0	96.0	
85	90.0	92.0	94.0	96.0	
86	90.0	92.0	94.0	96.0	
87	90.0	92.0	94.0	96.0	
88	90.0	92.0	94.0	96.0	
89	90.0	92.0	94.0	96.0	
90	90.0	92.0	94.0	96.0	
91	90.0	92.0	94.0	96.0	
92	90.0	92.0	94.0	96.0	
93	90.0	92.0	94.0	96.0	
94	90.0	92.0	94.0	96.0	
95	90.0	92.0	94.0	96.0	
96	90.0	92.0	94.0	96.0	
97	90.0	92.0	94.0	96.0	
98	90.0	92.0	94.0	96.0	
99	90.0	92.0	94.0	96.0	
100	90.0	92.0	94.0	96.0	
101	90.0	92.0	94.0	96.0	
102	90.0	92.0	94.0	96.0	
103	90.0	92.0	94.0	96.0	
104	90.0	92.0	94.0	96.0	
105	90.0	92.0	94.0	96.0	
106	90.0	92.0	94.0	96.0	
107	90.0	92.0	94.0	96.0	
108	90.0	92.0	94.0	96.0	
109	90.0	92.0	94.0	96.0	
110	90.0	92.0	94.0	96.0	
111	90.0	92.0	94.0	96.0	
112	90.0	92.0	94.0	96.0	
113	90.0	92.0	94.0	96.0	
114	90.0	92.0	94.0	96.0	
115	90.0	92.0	94.0	96.0	
116	90.0	92.0	94.0	96.0	
117	90.0	92.0	94.0	96.0	
118	90.0	92.0	94.0	96.0	
119	90.0	92.0	94.0	96.0	
120	90.0	92.0	94.0	96.0	
121	90.0	92.0	94.0	96.0	
122	90.0	92.0	94.0	96.0	
123	90.0	92.0	94.0	96.0	
124	90.0	92.0	94.0	96.0	
125	90.0	92.0	94.0	96.0	
126	90.0	92.0	94.0	96.0	
127	90.0	92.0	94.0	96.0	
128	90.0	92.0	94.0	96.0	
129	90.0	92.0	94.0	96.0	
130	90.0	92.0	94.0	96.0	
131	90.0	92.0	94.0	96.0	
132	90.0	92.0	94.0	96.0	
133	90.0	92.0	94.0	96.0	
134	90.0	92.0	94.0	96.0	
135	90.0	92.0	94.0	96.0	
136	90.0	92.0	94.0	96.0	
137	90.0	92.0	94.0	96.0	
138	90.0	92.0	94.0	96.0	
139	90.0	92.0	94.0	96.0	
140	90.0	92.0	94.0	96.0	
141	90.0	92.0	94.0	96.0	
142	90.0	92.0	94.0	96.0	
143	90.0	92.0	94.0	96.0	
144	90.0	92.0	94.0	96.0	
145	90.0	92.0	94.0	96.0	
146	90.0	92.0	94.0	96.0	
147	90.0	92.0	94.0	96.0	
148	90.0	92.0	94.0	96.0	
149	90.0	92.0	94.0	96.0	
150	90.0	92.0	94.0	96.0	
151	90.0	92.0	94.0	96.0	
152	90.0	92.0	94.0	96.0	
153	90.0	92.0	94.0	96.0	
154	90.0	92.0	94.0	96.0	
155	90.0	92.0	94.0	96.0	
156	90.0	92.0	94.0	96.0	
157	90.0	92.0	94.0	96.0	
158	90.0	92.0	94.0	96.0	
159	90.0	92.0	94.0	96.0	
160	90.0	92.0	94.0	96.0	
161	90.0	92.0	94.0	96.0	
162	90.0	92.0	94.0	96.0	
163	90.0	92.0	94.0	96.0	
164	90.0	92.0	94.0	96.0	
165	90.0	92.0	94.0	96.0	
166	90.0	92.0	94.0	96.0	
167	90.0	92.0	94.0	96.0	
168	90.0	92.0	94.0	96.0	
169	90.0	92.0	94.0	96.0	
170	90.0	92.0	94.0	96.0	
171	90.0	92.0	94.0	96.0	
172	90.0	92.0	94.0	96.0	
173	90.0	92.0	94.0	96.0	
174	90.0	92.0	94.0	96.0	
175	90.0	92.0	94.0	96.0	
176	90.0	92.0	94.0	96.0	
177	90.0	92.0	94.0	96.0	
178	90.0	92.0	94.0	96.0	
179	90.0	92.0	94.0	96.0	
180	90.0	92.0	94.0	96.0	
181	90.0	92.0	94.0	96.0	
182	90.0	92.0	94.0	96.0	
183	90.0	92.0	94.0	96.0	
184	90.0	92.0	94.0	96.0	
185	90.0	92.0	94.0	96.0	
186	90.0	92.0	94.0	96.0	
187	90.0	92.0	94.0	96.0	
188	90.0	92.0	94.0	96.0	
189	90.0	92.0	94.0	96.0	
190	90.0	92.0	94.0	96.0	
191	90.0	92.0	94.0	96.0	
192	90.0	92.0	94.0	96.0	
193	90.0	92.0	94.0	96.0	
194	90.0	92.0	94.0	96.0	
195	90.0	92.0	94.0	96.0	
196	90.0	92.0	94.0	96.0	
197	90.0	92.0	94.0	96.0	
198	90.0	92.0	94.0	96.0	
199	90.0	92.0	94.0	96.0	
200	90.0	92.0	94.0	96.0	
201	90.0	92.0	94.0	96.0	
202	90.0	92.0	94.0	96.0	
203	90.0	92.0	94.0	96.0	
204	90.0	92.0	94.0	96.0	
205	90.0	92.0	94.0	96.0	
206	90.0	92.0	94.0	96.0	
207	90.0	92.0	94.0	96.0	
208	90.0	92.0	94.0	96.0	
209	90.0	92.0	94.0	96.0	
210	90.0	92.0	94.0	96.0	
211	90.0	92.0	94.0	96.0	
212	90.0	92.0	94.0	96.0	
213	90.0	92.0	94.0	96.0	
214	90.0	92.0	94.0	96.0	
215	90.0	92.0	94.0	96.0	
216	90.0	92.0	94.0	96.0	
217	90.0	92.0	94.0	96.0	
218	90.0	92.0	94.0	96.0	
219	90.0	92.0	94.0	96.0	
220	90.0	92.0	94.0	96.0	
221	90.0	92.0	94.0	96.0	
222	90.0	92.0	94.0	96.0	
223	90.0	92.0	94.0	96.0	
224	90.0	92.0	94.0	96.0	
225	90.0	92.0	94.0	96.0	
226	90.0	92.0	94.0	96.0	
227	90.0	92.0	94.0	96.0	
228	90.0	92.0	94.0	96.0	
229	90.0	92.0	94.0	96.0	
230	90.0	92.0	94.0	96.0	
231	90.0	92.0	94.0	96.0	
232	90.0	92.0	94.0	96.0	
233	90.0	92.0	94.0	96.0	
234	90.0	92.0	94.0	96.0	
235	90.0	92.0	94.0	96.0	
236	90.0	92.0	94.0	96.0	
237	90.0	92.0	94.0	96.0	
238	90.0	92.0	94.0	96.0	
239	90.0	92.0	94.0	96.0	
240	90.0	92.0	94.0	96.0	
241	90.0	92.0	94.0	96.0	
242	90.0	92.0	94.0	96.0	
243	90.0	92.0	94.0	96.0	
244	90.0	92.0	94.0	96.0	
245	90.0	92.0	94.0	96.0	
246	90.0	92.0	94.0	96.0	
247	90.0	92.0	94.0	96.0	
248	90.0	92.0	94.0	96.0	
249	90.0	92.0	94.0	96.0	
250	90.0	92.0	94.0	96.0	
251	90.0	92.0	94.0	96.0	
252	90.0	92.0	94.0	96.0	
253	90.0	92.0	94.0	96.0	
254	90.0	92.0	94.0	96.0	
255	90.0	92.0	94.0	96.0	
256	90.0	92.0	94.0	96.0	
257	90.0	92.0	94.0	96.0	
258	90.0	92.0	94.0	96.0	
259	90.0	92.0	94.0	96.0	
260	90.0	92.0	94.0	96.0	
261	90.0	92.0	94.0	96.0	
262	90.0	92.0	94.0	96.0	
263	90.0	92.0	94.0	96.0	
264	90.0	92.0	94.0	96.0	
265	90.0	92.0	94.0	96.0	
266	90.0	92.0	94.0	96.0	
267	90.0	92.0	94.0	96.0	
268	90.0	92.0	94.0	96.0	
269	90.0	92.0	94.0	96.0	
270	90.0	92.0	94.0	96.0	
271	90.0	92.0	94.0	96.0	
272	90.0	92.0	94.0	96.0	
273	90.0	92.0	94.0	96.0	
274	90.0	92.0	94.0	96.0	
275	90.0	92.0	94.0	96.0	
276	90.0	92.0	94.0	96.0	
277	90.0	92.0	94.0	96.0	
278	90.0	92.0	94.0	96.0	
279	90.0	92.0	94.0	96.0	
280	90.0	92.0	94.0	96.0	
281	90.0	92.0	94.0	96.0	
282	90.0	92.0	94.0	96.0	
283	90.0	92.0	94.0	96.0	
284	90.0	92.0	94.0	96.0	
285	90.0	92.0	94.0	96.0	
286	90.0	92.0	94.0	96.0	
287	90.0	92.0	94.0	96.0	
288	90.0	92.0	94.0	96.0	
289	90.0	92.0	94.0	96.0	
290	90.0	92.0	94.0	96.0	
291	90.0	92.0	94.0	96.0	
292	90.0	92.0	94.0	96.0	
293	90.0	92.0	94.0	96.0	
294	90.0	92.0	94.0	96.0	
295	90.0	92.0	94.0	96.0	
296	90.0	92.0	94.0	96.0	
297	90.0	92.0	94.0	96.0	
298	90.0	92.0	94.0	96.0	
299	90.0	92.0	94.0	96.0	
300	90.0	92.0	94.0	96.0	
301	90.0	92.0	94.0	96.0	
302	90.0	92.0	94.0	96.0	
303	90.0	92.0	94.0	96.0	
304	90.0	92.0	94.0	96.0	
305	90.0	92.0	94.0	96.0	
306	90.0	92.0	94.0	96.0	
307	90.0	92.0	94.0	96.0	
308	90.0	92.0	94.0	96.0	
309	90.0	92.0	94.0	96.0	
310	90.0	92.0	94.0	96.0	
311	90.0	92.0	94.0	96.0	
312	90.0	92.0	94.0	96.0	
313	90.0	92.0	94.0	96.0	
314	90.0	92.0	94.0	96.0	
315	90.0	92.0	94.0	96.0	
316	90.0	92.0	94.0	96.0	
317	90.0	92.0	94.0	96.0	
318	90.0	92.0	94.0	96.0	
319	90.0	92.0	94.0	96.0	
320	90.0	92.0	94.0	96.0	
321	90.0	92.0	94.0	96.0	
322	90.0	92.0	94.0	96.0	
323	90.0	92.0	94.0	96.0	
324	90.0	92.0	94.0	96.0	
325	90.0	92.0	94.0	96.0	
326	90.0	92.0	94.0	96.0	
327	90.0	92.0	94.0	96.0	
328	90.0	92.0	94.0	96.0	
329	90.0	92.0	94.0	96.0	
330	90.0	92.0	94.0	96.0	
331	90.0	92.0	94.0	96.0	
332	90.0	92.0	94.0	96.0	
333	90.0	92.0	94.0	96.0	
334	90.0	92.0	94.0	96.0	
335	90.0	92.0	94.0	96.0	
336	90.0	92.0	94.0	96.0	
337	90.0	92.0	94.0	96.0	
338	90.0	92.0	94.0	96.0	
339	90.0	92.0	94.0	96.0	
340	90.0	92.0	94.0	96.0	
341	90.0	92.0	94.0	96.0	
342	90.0	92.0	94.0	96.0	
343	90.0	92.0	94.0	96.0	
344	90.0	92.0	94.0	96.0	
345	90.0	92.0	94.0	96.0	
346	90.0	92.0	94.0	96.0	
347	90.0	92.0	94.0	96.0	
348	90.0	92.0	94.0	96.0	
349	90.0	92.0	94.0	96.0	
350	90.0	92.0	94.0	96.0	
351	90.0	92.0	94.0	96.0	
352	90.0	92.0	94.0	96.0	
353	90.0	92.0	94.0	96.0	
354	90.0	92.0	94.0	96.0	
355	90.0	92.0	94.0	96.0	
356	90.0	92.0	94.0	96.0	
357	90.0	92.0	94.0	96.0	
358	90.0	92.0	94.0	96.0	
359	90.0	92.0	94.0	96.0	
360	90.0	92.0	94.0	96.0	
361	90.0	92.0	94.0	96.0	
362	90.0	92.0	94.0	96.0	
363	90.0	92.0	94.0	96.0	
364	90.0	92.0	94.0	96.0	
365	90.0	92.0	94.0	96.0	
366	90.0	92.0	94.0	96.0	
367	90.0	92.0	94.0	96.0	
368	90.0	92.0	94.0	96.0	
369	90.0	92.0	94.0	96.0	
370	90.0	92.0	94.0	96.0	
371	90.0	92.0	94.0	96.0	
372	90.0	92.0	94.0	96.0	
373	90.0	92.0	94.0	96.0	
374	90.0	92.0	94.0	96.0	
375	90.0	92.0	94.0	96.0	
376	90.0	92.0	94.0	96.0	
377	90.0	92.0	94.0	96.0	
378	90.0	92.0	94.0	96.0	
379	90.0	92.0	94.0	96.0	
380	90.0	92.0	94.0	96.0	
381	90.0	92.0	94.0	96.0	
382	90.0	92.0	94.0	96.0	
383	90.0	92.0	94.0	96.0	
384	90.0	92.0	94.0	96.0	
385	90.0	92.0	94.0	96.0	
386	90.0	92.0	94.0	96.0	
387	90.0	92.0	94.0	96.0	
388	90.0	92.0	94.0	96.0	
389	90.0	92.0	94.0	96.0	
390	90.0	92.0	94.0	96.0	
391	90.0	92.0	94.0	96.0	
392	90.0	92.0	94.0	96.0	
393	90.0	92.0	94.0	96.0	
394	90.0	92.0	94.0	96.0	
395	90.0	92.0	94.0	96.0	
396	90.0	92.0	94.0	96.0	
397	90.0	92.0	94.0	96.0	
398	90.0	92.0	94.0	96.0	
399	90.0	92.0	94.0	96.0	
400	90.0	92.0	94.0	96.0	
401	90.0	92.0	94.0	96.0	
402	90.0	92.0	94.0	96.0	
403	90.0	92.0	94.0	96.0	
404	90.0	92.0	94.0	96.0	
405	90.0	92.0	94.0	96.0	
406	90.0	92.0	94.0	96.0	
407	90.0	92.0	94.0	96.0	
408	90.0	92.0	94.0	96.0	
409	90.0	92.0	94.0	96.0	
410	90.0	92.0	94.0	96.0	
411	90.0	92.0	94.0	96.0	
412	90.0	92.0	94.0	96.0	
413	90.0	92.0	94.0	96.0	
1	92.0	94.0	96.0	98.0	
2	92.0	94.0	96.0	98.0	
3	92.0	94.0	96.0	98.0	
4	92.0	94.0	96.0	98.0	
5	92.0	94.0	96.0	98.0	
6	92.0	94.0	96.0	98.0	
7	92.0	94.0	96.0	98.0	
8	92.0	94.0	96.0	98.0	
9	92.0	94.0	96.0	98.0	
10	92.0	94.0	96.0	98.0	
11	92.0	94.0	96.0	98.0	
12	92.0	94.0	96.0	98.0	
13	92.0	94.0	96.0	98.0	
14	92.0	94.0	96.0	98.0	
15	92.0	94.0	96.0	98.0	
16	92.0	94.0	96.0	98.0	
17	92.0	94.0	96.0	98.0	
18	92.0	94.0	96.0	98.0	
19	92.0	94.0	96.0	98.0	
20	92.0	94.0	96.0	98.0	
21	92.0	94.0	96.0	98.0	
22	92.0	94.0	96.0	98.0	
23	92.0	94.0	96.0	98.0	
24	92.0	94.0	96.0	98.0	
25	92.0	94.0	96.0	98.0	
26	92.0	94.0	96.0	98.0	
27	92.0	94.0	96.0	98.0	
28	92.0	94.0	96.0	98.0	
29	92.0	94.0	96.0	98.0	
30	92.0	94.0	96.0	98.0	
31	92.0	94.0	96.0	98.0	
32	92.0	94.0	96.0	98.0	
33	92.0	94.0	96.0	98.0	
34	92.0	94.0	96.0	98.0	
35	92.0	94.0	96.0	98.0	
36	92.0	94.0	96.0	98.0	
37	92.0	94.0	96.0	98.0	
38	92.0	94.0	96.0	98.0	
39	92.0	94.0	96.0	98.0	
40	92.0	94.0	96.0	98.0	
41	92.0	94.0	96.0	98.0	
42	92.0	94.0	96.0	98.0	
43	92.0	94.0	96.0	98.0	
44	92.0	94.0	96.0	98.0	
45	92.0	94.0	96.0	98.0	
46	92.0	94.0	96.0	98.0	
47	92.0	94.0	96.0	98.0	
48	92.0	94.0	96.0	98.0	
49	92.0	94.0	96.0	98.0	
50	92.0	94.0	96.0	98.0	
51	92.0	94.0	96.0	98.0	
52	92.0	94.0	96.0	98.0	
53	92.0	94.0	96.0	98.0	
54	92.0	94.0	96.0	98.0	
55	92.0	94.0	96.0	98.0	
56	92.0	94.0	96.0	98.0	
57	92.0	94.0	96.0	98.0	
58	92.0	94.0	96.0	98.0	
59	92.0	94.0	96.0	98.0	
60	92.0	94.0	96.0	98.0	
61	92.0	94.0	96.0	98.0	
62	92.0	94.0	96.0	98.0	
63	92.0	94.0	96.0	98.0	
64	92.0	94.0	96.0	98.0	
65	92.0	94.0	96.0	98.0	
66	92.0	94.0	96.0	98.0	
67	92.0	94.0	96.0	98.0	
68	92.0	94.0	96.0	98.0	
69	92.0	94.0	96.0	98.0	
70	92.0	94.0	96.0	98.0	
71	92.0	94.0	96.0	98.0	
72	92.0	94.0	96.0	98.0	
73	92.0	94.0	96.0	98.0	
74	92.0	94.0	96.0	98.0	
75	92.0	94.0	96.0	98.0	
76	92.0	94.0	96.0	98.0	
77	92.0	94.0	96.0	98.0	
78	92.0	94.0	96.0	98.0	
79	92.0	94.0	96.0	98.0	
80	92.0	94.0	96.0	98.0	
81	92.0	94.0	96.0	98.0	
82	92.0	94.0	96.0	98.0	
83	92.0	94.0	96.0	98.0	
84	92.0	94.0	96.0	98.0	
85	92.0	94.0	96.0	98.0	
86	92.0	94.0	96.0	98.0	
87	92.0	94.0	96.0	98.0	
88	92.0	94.0	96.0	98.0	
89	92.0	94.0	96.0	98.0	
90	92.0	94.0	96.0	98.0	
91	92.0	94.0	96.0	98.0	
92	92.0	94.0	96.0	98.0	
93	92.0	94.0	96.0	98.0	
94	92.0	94.0	96.0	98.0	
95	92.0	94.0	96.0	98.0	
96	92.0	94.0	96.0	98.0	
97	92.0	94.0	96.0	98.0	
98	92.0	94.0	96.0	98.0	
99	92.0	94.0	96.0	98.0	
100	92.0	94.0	96.0	98.0	
101	92.0	94.0	96.0	98.0	
102	92.0	94.0	96.0	98.0	
103	92.0	94.0	96.0	98.0	
104	92.0	94.0	96.0	98.0	
105	92.0	94.0	96.0	98.0	
106	92.0	94.0	96.0	98.0	
107	92.0	94.0	96.0	98.0	
108	92.0	94.0	96.0	98.0	
109	92.0	94.0	96.0	98.0	
110	92.0	94.0	96.0	98.0	
111	92.0	94.0	96.0	98.0	
112	92.0	94.0	96.0	98.0	
113	92.0	94.0	96.0	98.0	
114	92.0	94.0	96.0	98.0	
115	92.0	94.0	96.0	98.0	
116	92.0	94.0	96.0	98.0	
117	92.0	94.0	96.0	98.0	
118	92.0	94.0	96.0	98.0	
119	92.0	94.0	96.0	98.0	
120	92.0	94.0	96.0	98.0	
121	92.0	94.0	96.0	98.0	
122	92.0	94.0	96.0	98.0	
123	92.0	94.0	96.0	98.0	
124	92.0	94.0	96.0	98.0	
125	92.0	94.0	96.0	98.0	
126	92.0	94.0	96.0	98.0	
127	92.0	94.0	96.0	98.0	
128	92.0	94.0	96.0	98.0	
129	92.0	94.0	96.0	98.0	
130	92.0	94.0	96.0	98.0	
131	92.0	94.0	96.0	98.0	
132	92.0	94.0	96.0	98.0	
133	92.0	94.0	96.0	98.0	
134	92.0	94.0	96.0	98.0	
135	92.0	94.0	96.0	98.0	
136	92.0	94.0	96.0	98.0	
137	92.0	94.0	96.0	98.0	
138	92.0	94.0	96.0	98.0	
139	92.0	94.0	96.0	98.0	
140	92.0	94.0	96.0	98.0	
141	92.0	94.0	96.0	98.0	
142	92.0	94.0	96.0	98.0	
143	92.0	94.0	96.0	98.0	
144	92.0	94.0	96.0	98.0	
145	92.0	94.0	96.0	98.0	
146	92.0	94.0	96.0	98.0	
147	92.0	94.0	96.0	98.0	
148	92.0	94.0	96.0	98.0	
149	92.0	94.0	96.0	98.0	
150	92.0	94.0	96.0	98.0	
151	92.0	94.0	96.0	98.0	
152	92.0	94.0	96.0	98.0	
153	92.0	94.0	96.0	98.0	
154	92.0	94.0	96.0	98.0	
155	92.0	94.0	96.0	98.0	
156	92.0	94.0	96.0	98.0	
157	92.0	94.0	96.0	98.0	
158	92.0	94.0	96.0	98.0	
159	92.0	94.0	96.0	98.0	
160	92.0	94.0	96.0	98.0	
161	92.0	94.0	96.0	98.0	
162	92.0	94.0	96.0	98.0	
163	92.0	94.0	96.0	98.0	
164	92.0	94.0	96.0	98.0	
165	92.0	94.0	96.0	98.0	
166	92.0	94.0	96.0	98.0	
167	92.0	94.0	96.0	98.0	
168	92.0	94.0	96.0	98.0	
169	92.0	94.0	96.0	98.0	
170	92.0	94.0	96.0	98.0	
171	92.0	94.0	96.0	98.0	
172	92.0	94.0	96.0	98.0	
173	92.0	94.0	96.0	98.0	
174	92.0	94.0	96.0	98.0	
175	92.0	94.0	96.0	98.0	
176	92.0	94.0	96.0	98.0	
177	92.0	94.0	96.0	98.0	
178	92.0	94.0	96.0	98.0	
179	92.0	94.0	96.0	98.0	
180	92.0	94.0	96.0	98.0	
181	92.0	94.0	96.0	98.0	
182	92.0	94.0	96.0	98.0	
183	92.0	94.0	96.0	98.0	
184	92.0	94.0	96.0	98.0	
185	92.0	94.0	96.0	98.0	
186	92.0	94.0	96.0	98.0	
187	92.0	94.0	96.0	98.0	
188	92.0	94.0	96.0	98.0	
189	92.0	94.0	96.0	98.0	
190	92.0	94.0	96.0	98.0	
191	92.0	94.0	96.0	98.0	
192	92.0	94.0	96.0	98.0	
193	92.0	94.0	96.0	98.0	
194	92.0	94.0	96.0	98.0	
195	92.0	94.0	96.0	98.0	
196	92.0	94.0	96.0	98.0	
197	92.0	94.0	96.0	98.0	
198	92.0	94.0	96.0	98.0	
199	92.0	94.0	96.0	98.0	
200	92.0	94.0	96.0	98.0	
201	92.0	94.0	96.0	98.0	
202	92.0	94.0	96.0	98.0	
203	92.0	94.0	96.0	98.0	
204	92.0	94.0	96.0	98.0	
205	92.0	94.0	96.0	98.0	
206	92.0	94.0	96.0	98.0	
207	92.0	94.0	96.0	98.0	
208	92.0	94.0	96.0	98.0	
209	92.0	94.0	96.0	98.0	
210	92.0	94.0	96.0	98.0	
211	92.0	94.0	96.0	98.0	
212	92.0	94.0	96.0	98.0	
213	92.0	94.0	96.0	98.0	
214	92.0	94.0	96.0	98.0	
215	92.0	94.0	96.0	98.0	
216	92.0	94.0	96.0	98.0	
217	92.0	94.0	96.0	98.0	
218	92.0	94.0	96.0	98.0	
219	92.0	94.0	96.0	98.0	
220	92.0	94.0	96.0	98.0	
221	92.0	94.0	96.0	98.0	
222	92.0	94.0	96.0	98.0	
223	92.0	94.0	96.0	98.0	
224	92.0	94.0	96.0	98.0	
225	92.0	94.0	96.0	98.0	
226	92.0	94.0	96.0	98.0	
227	92.0	94.0	96.0	98.0	
228	92.0	94.0	96.0	98.0	
229	92.0	94.0	96.0	98.0	
230	92.0	94.0	96.0	98.0	
231	92.0	94.0	96.0	98.0	
232	92.0	94.0	96.0	98.0	
233	92.0	94.0	96.0	98.0	
234	92.0	94.0	96.0	98.0	
235	92.0	94.0	96.0	98.0	
236	92.0	94.0	96.0	98.0	
237	92.0	94.0	96.0	98.0	
238	92.0	94.0	96.0	98.0	
239	92.0	94.0	96.0	98.0	
240	92.0	94.0	96.0	98.0	
241	92.0	94.0	96.0	98.0	
242	92.0	94.0	96.0	98.0	
243	92.0	94.0	96.0	98.0	
244	92.0	94.0	96.0	98.0	
245	92.0	94.0	96.0	98.0	
246	92.0	94.0	96.0	98.0	
247	92.0	94.0	96.0	98.0	
248	92.0	94.0	96.0	98.0	
249	92.0	94.0	96.0	98.0	
250	92.0	94.0	96.0	98.0	
251	92.0	94.0	96.0	98.0	
252	92.0	94.0	96.0	98.0	
253	92.0	94.0	96.0	98.0	
254	92.0	94.0	96.0	98.0	
255	92.0	94.0	96.0	98.0	
256	92.0	94.0	96.0	98.0	
257	92.0	94.0	96.0	98.0	
258	92.0	94.0	96.0	98.0	
259	92.0	94.0	96.0	98.0	
260	92.0	94.0	96.0	98.0	
261	92.0	94.0	96.0	98.0	
262	92.0	94.0	96.0	98.0	
263	92.0	94.0	96.0	98.0	
264	92.0	94.0	96.0	98.0	
265	92.0	94.0	96.0	98.0	
266	92.0	94.0	96.0	98.0	
267	92.0	94.0	96.0	98.0	
268	92.0	94.0	96.0	98.0	
269	92.0	94.0	96.0	98.0	
270	92.0	94.0	96.0	98.0	
271	92.0	94.0	96.0	98.0	
272	92.0	94.0	96.0	98.0	
273	92.0	94.0	96.0	98.0	
274	92.0	94.0	96.0	98.0	
275	92.0	94.0	96.0	98.0	
276	92.0	94.0	96.0	98.0	
277	92.0	94.0	96.0	98.0	
278	92.0	94.0	96.0	98.0	
279	92.0	94.0	96.0	98.0	
280	92.0	94.0	96.0	98.0	
281	92.0	94.0	96.0	98.0	
282	92.0	94.0	96.0	98.0	
283	92.0	94.0	96.0	98.0	
284	92.0	94.0	96.0	98.0	
285	92.0	94.0	96.0	98.0	
286	92.0	94.0	96.0	98.0	
287	92.0	94.0	96.0	98.0	
288	92.0	94.0	96.0	98.0	
289	92.0	94.0	96.0	98.0	
290	92.0	94.0	96.0	98.0	
291	92.0	94.0	96.0	98.0	
292	92.0	94.0	96.0	98.0	
293	92.0	94.0	96.0	98.0	
294	92.0	94.0	96.0	98.0	
295	92.0	94.0	96.0	98.0	
296	92.0	94.0	96.0	98.0	
297	92.0	94.0	96.0	98.0	
298	92.0	94.0	96.0	98.0	
299	92.0	94.0	96.0	98.0	
300	92.0	94.0	96.0	98.0	
301	92.0	94.0	96.0	98.0	
302	92.0	94.0	96.0	98.0	
303	92.0	94.0	96.0	98.0	
304	92.0	94.0	96.0	98.0	
305	92.0	94.0	96.0	98.0	
306	92.0	94.0	96.0	98.0	
307	92.0	94.0	96.0	98.0	
308	92.0	94.0	96.0	98.0	
309	92.0	94.0	96.0	98.0	
310	92.0	94.0	96.0	98.0	
311	92.0	94.0	96.0	98.0	
312	92.0	94.0	96.0	98.0	
313	92.0	94.0	96.0	98.0	
314	92.0	94.0	96.0	98.0	
315	92.0	94.0	96.0	98.0	
316	92.0	94.0	96.0	98.0	
317	92.0	94.0	96.0	98.0	
318	92.0	94.0	96.0	98.0	
319	92.0	94.0	96.0	98.0	
320	92.0	94.0	96.0	98.0	
321	92.0	94.0	96.0	98.0	
322	92.0	94.0	96.0	98.0	
323	92.0	94.0	96.0	98.0	
324	92.0	94.0	96.0	98.0	
325	92.0	94.0	96.0	98.0	
326	92.0	94.0	96.0	98.0	
327	92.0	94.0	96.0	98.0	
328	92.0	94.0	96.0	98.0	
329	92.0	94.0	96.0	98.0	
330	92.0	94.0	96.0	98.0	
331	92.0	94.0	96.0	98.0	
332	92.0	94.0	96.0	98.0	
333	92.0	94.0	96.0	98.0	
334	92.0	94.0	96.0	98.0	
335	92.0	94.0	96.0	98.0	
336	92.0	94.0	96.0	98.0	
337	92.0	94.0	96.0	98.0	
338	92.0	94.0	96.0	98.0	
339	92.0	94.0	96.0	98.0	
340	92.0	94.0	96.0	98.0	
341	92.0	94.0	96.0	98.0	
342	92.0	94.0	96.0	98.0	
343	92.0	94.0	96.0	98.0	
344	92.0	94.0	96.0	98.0	
345	92.0	94.0	96.0	98.0	
346	92.0	94.0	96.0	98.0	
347	92.0	94.0	96.0	98.0	
348	92.0	94.0	96.0	98.0	
349	92.0	94.0	96.0	98.0	
350	92.0	94.0	96.0	98.0	
351	92.0	94.0	96.0	98.0	
352	92.0	94.0	96.0	98.0	
353	92.0	94.0	96.0	98.0	
354	92.0	94.0	96.0	98.0	
355	92.0	94.0	96.0	98.0	
356	92.0	94.0	96.0	98.0	
357	92.0	94.0	96.0	98.0	
358	92.0	94.0	96.0	98.0	
359	92.0	94.0	96.0	98.0	
360	92.0	94.0	96.0	98.0	
361	92.0	94.0	96.0	98.0	
362	92.0	94.0	96.0	98.0	
363	92.0	94.0	96.0	98.0	
364	92.0	94.0	96.0	98.0	
365	92.0	94.0	96.0	98.0	
366	92.0	94.0	96.0	98.0	
367	92.0	94.0	96.0	98.0	
368	92.0	94.0	96.0	98.0	
369	92.0	94.0	96.0	98.0	
370	92.0	94.0	96.0	98.0	
371	92.0	94.0	96.0	98.0	
372	92.0	94.0	96.0	98.0	
373	92.0	94.0	96.0	98.0	
374	92.0	94.0	96.0	98.0	
375	92.0	94.0	96.0	98.0	
376	92.0	94.0	96.0	98.0	
377	92.0	94.0	96.0	98.0	
378	92.0	94.0	96.0	98.0	
379	92.0	94.0	96.0	98.0	
380	92.0	94.0	96.0	98.0	
381	92.0	94.0	96.0	98.0	
382	92.0	94.0	96.0	98.0	
383	92.0	94.0	96.0	98.0	
384	92.0	94.0	96.0	98.0	
385	92.0	94.0	96.0	98.0	
386	92.0	94.0	96.0	98.0	
387	92.0	94.0	96.0	98.0	
388	92.0	94.0	96.0	98.0	
389	92.0	94.0	96.0	98.0	
390	92.0	94.0	96.0	98.0	
391	92.0	94.0	96.0	98.0	
392	92.0	94.0	96.0	98.0	
393	92.0	94.0	96.0	98.0	
394	92.0	94.0	96.0	98.0	
395	92.0	94.0	96.0	98.0	
396	92.0	94.0	96.0	98.0	
397	92.0	94.0	96.0	98.0	
398	92.0	94.0	96.0	98.0	
399	92.0	94.0	96.0	98.0	
400	92.0	94.0	96.0	98.0	
401	92.0	94.0	96.0	98.0	
402	92.0	94.0	96.0	98.0	
403	92.0	94.0	96.0	98.0	
404	92.0	94.0	96.0	98.0	
405	92.0	94.0	96.0	98.0	
406	92.0	94.0	96.0	98.0	
407	92.0	94.0	96.0	98.0	
408	92.0	94.0	96.0	98.0	
409	92.0	94.0	96.0	98.0	
410	92.0	94.0	96.0	98.0	
411	92.0	94.0	96.0	98.0	
412	92.0	94.0	96.0	98.0	
413	92.0	94.0	96.0	98.0	
1	5.61	5.73	5.84	5.96	
2	5.61	5.73	5.84	5.96	
3	5.61	5.73	5.84	5.96	
4	5.61	5.73	5.84	5.96	
5	5.61	5.73	5.84	5.96	
6	5.61	5.73	5.84	5.96	
7	5.61	5.73	5.84	5.96	
8	5.61	5.73	5.84	5.96	
9	5.61	5.73	5.84	5.96	
10	5.61	5.73	5.84	5.96	
11	5.61	5.73	5.84	5.96	
12	5.61	5.73	5.84	5.96	
13	5.61	5.73	5.84	5.96	
14	5.61	5.73	5.84	5.96	
15	5.61	5.73	5.84	5.96	
16	5.61	5.73	5.84	5.96	
17	5.61	5.73	5.84	5.96	
18	5.61	5.73	5.84	5.96	
19	5.61	5.73	5.84	5.96	
20	5.61	5.73	5.84	5.96	
21	5.61	5.73	5.84	5.96	
22	5.61	5.73	5.84	5.96	
23	5.61	5.73	5.84	5.96	
24	5.61	5.73	5.84	5.96	
25	5.61	5.73	5.84	5.96	
26	5.61	5.73	5.84	5.96	
27	5.61	5.73	5.84	5.96	
28	5.61	5.73	5.84	5.96	
29	5.61	5.73	5.84	5.96	
30	5.61	5.73	5.84	5.96	
31	5.61	5.73	5.84	5.96	
32	5.61	5.73	5.84	5.96	
33	5.61	5.73	5.84	5.96	
34	5.61	5.73	5.84	5.96	
35	5.61	5.73	5.84	5.96	
36	5.61	5.73	5.84	5.96	
37	5.61	5.73	5.84	5.96	
38	5.61	5.73	5.84	5.96	
39	5.61	5.73	5.84	5.96	
40	5.61	5.73	5.84	5.96	
41	5.61	5.73	5.84	5.96	
42	5.61	5.73	5.84	5.96	
43	5.61	5.73	5.84	5.96	
44	5.61	5.73	5.84	5.96	
45	5.61	5.73	5.84	5.96	
46	5.61	5.73	5.84	5.96	
47	5.61	5.73	5.84	5.96	
48	5.61	5.73	5.84	5.96	
49	5.61	5.73	5.84	5.96	
50	5.61	5.73	5.84	5.96	
51	5.61	5.73	5.84	5.96	
52	5.61	5.73	5.84	5.96	
53	5.61	5.73	5.84	5.96	
54	5.61	5.73	5.84	5.96	
55	5.61	5.73	5.84	5.96	
56	5.61	5.73	5.84	5.96	
57	5.61	5.73	5.84	5.96	
58	5.61	5.73	5.84	5.96	
59	5.61	5.73	5.84	5.96	
60	5.61	5.73	5.84	5.96	
61	5.61	5.73	5.84	5.96	
62	5.61	5.73	5.84	5.96	
63	5.61	5.73	5.84	5.96	
64	5.61	5.73	5.84	5.96	
65	5.61	5.73	5.84	5.96	
66	5.61	5.73	5.84	5.96	
67	5.61	5.73	5.84	5.96	
68	5.61	5.73	5.84	5.96	
69	5.61	5.73	5.84	5.96	
70	5.61	5.73	5.84	5.96	
71	5.61	5.73	5.84	5.96	
72	5.61	5.73	5.84	5.96	
73	5.61	5.73	5.84	5.96	
74	5.61	5.73	5.84	5.96	
75	5.61	5.73	5.84	5.96	
76	5.61	5.73	5.84	5.96	
77	5.61	5.73	5.84	5.96	
78	5.61	5.73	5.84	5.96	
79	5.61	5.73	5.84	5.96	
80	5.61	5.73	5.84	5.96	
81	5.61	5.73	5.84	5.96	
82	5.61	5.73	5.84	5.96	
83	5.61	5.73	5.84	5.96	
84	5.61	5.73	5.84	5.96	
85	5.61	5.73	5.84	5.96	
86	5.61	5.73	5.84	5.96	
87	5.61	5.73	5.84	5.96	
88	5.61	5.73	5.84	5.96	
89	5.61	5.73	5.84	5.96	
90	5.61	5.73	5.84	5.96	
91	5.61	5.73	5.84	5.96	
92	5.61	5.73	5.84	5.96	
93	5.61	5.73	5.84	5.96	
94	5.61	5.73	5.84	5.96	
95	5.61	5.73	5.84	5.96	
96	5.61	5.73	5.84	5.96	
97	5.61	5.73	5.84	5.96	
98	5.61	5.73	5.84	5.96	
99	5.61	5.73	5.84	5.96	
100	5.61	5.73	5.84	5.96	
101	5.61	5.73	5.84	5.96	
102	5.61	5.73	5.84	5.96	
103	5.61	5.73	5.84	5.96	
104	5.61	5.73	5.84	5.96	
105	5.61	5.73	5.84	5.96	
106	5.61	5.73	5.84	5.96	
107	5.61	5.73	5.84	5.96	
108	5.61	5.73	5.84	5.96	
109	5.61	5.73	5.84	5.96	
110	5.61	5.73	5.84	5.96	
111	5.61	5.73	5.84	5.96	
112	5.61	5.73	5.84	5.96	
113	5.61	5.73	5.84	5.96	
114	5.61	5.73	5.84	5.96	
115	5.61	5.73	5.84	5.96	
116	5.61	5.73	5.84	5.96	
117	5.61	5.73	5.84	5.96	
118	5.61	5.73	5.84	5.96	
119	5.61	5.73	5.84	5.96	
120	5.61	5.73	5.84	5.96	
121	5.61	5.73	5.84	5.96	
122	5.61	5.73	5.84	5.96	
123	5.61	5.73	5.84	5.96	
124	5.61	5.73	5.84	5.96	
125	5.61	5.73	5.84	5.96	
126	5.61	5.73	5.84	5.96	
127	5.61	5.73	5.84	5.96	
128	5.61	5.73	5.84	5.96	
129	5.61	5.73	5.84	5.96	
130	5.61	5.73	5.84	5.96	
131	5.61	5.73	5.84	5.96	
132	5.61	5.73	5.84	5.96	
133	5.61	5.73	5.84	5.96	
134	5.61	5.73	5.84	5.96	
135	5.61	5.73	5.84	5.96	
136	5.61	5.73	5.84	5.96	
137	5.61	5.73	5.84	5.96	
138	5.61	5.73	5.84	5.96	
139	5.61	5.73	5.84	5.96	
140	5.61	5.73	5.84	5.96	
141	5.61	5.73	5.84	5.96	
142	5.61	5.73	5.84	5.96	
143	5.61	5.73	5.84	5.96	
144	5.61	5.73	5.84	5.96	
145	5.61	5.73	5.84	5.96	
146	5.61	5.73	5.84	5.96	
147	5.61	5.73	5.84	5.96	
148	5.61	5.73	5.84	5.96	
149	5.61	5.73	5.84	5.96	
150	5.61	5.73	5.84	5.96	
151	5.61	5.73	5.84	5.96	
152	5.61	5.73	5.84	5.96	
153	5.61	5.73	5.84	5.96	
154	5.61	5.73	5.84	5.96	
155	5.61	5.73	5.84	5.96	
156	5.61	5.73	5.84	5.96	
157	5.61	5.73	5.84	5.96	
158	5.61	5.73	5.84	5.96	
159	5.61	5.73	5.84	5.96	
160	5.61	5.73	5.84	5.96	
161	5.61	5.73	5.84	5.96	
162	5.61	5.73	5.84	5.96	
163	5.61	5.73	5.84	5.96	
164	5.61	5.73	5.84	5.96	
165	5.61	5.73	5.84	5.96	
166	5.61	5.73	5.84	5.96	
167	5.61	5.73	5.84	5.96	
168	5.61	5.73	5.84	5.96	
169	5.61	5.73	5.84	5.96	
170	5.61	5.73	5.84	5.96	
171	5.61	5.73	5.84	5.96	
172	5.61	5.73	5.84	5.96	
173	5.61	5.73	5.84	5.96	
174	5.61	5.73	5.84	5.96	
175	5.61	5.73	5.84	5.96	
176	5.61	5.73	5.84	5.96	
177	5.61	5.73	5.84	5.96	
178	5.61	5.73	5.84	5.96	
179	5.61	5.73	5.84	5.96	
180	5.61	5.73	5.84	5.96	
181	5.61	5.73	5.84	5.96	
182	5.61	5.73	5.84	5.96	
183	5.61	5.73	5.84	5.96	
184	5.61	5.73	5.84	5.96	
185	5.61	5.73	5.84	5.96	
186	5.61	5.73	5.84	5.96	
187	5.61	5.73	5.84	5.96	
188	5.61	5.73	5.84	5.96	
189	5.61	5.73	5.84	5.96	
190	5.61	5.73	5.84	5.96	
191	5.61	5.73	5.84	5.96	
192	5.61	5.73	5.84	5.96	
193	5.61	5.73	5.84	5.96	
194	5.61	5.73	5.84	5.96	
195	5.61	5.73	5.84	5.96	
196	5.61	5.73	5.84	5.96	
197	5.61	5.73	5.84	5.96	
198	5.61	5.73	5.84	5.96	
199	5.61	5.73	5.84	5.96	
200	5.61	5.73	5.84	5.96	
201	5.61	5.73	5.84	5.96	
202	5.61	5.73	5.84	5.96	
203	5.61	5.73	5.84	5.96	
204	5.61	5.73	5.84	5.96	
205	5.61	5.73	5.84	5.96	
206	5.61	5.73	5.84	5.96	
207	5.61	5.73	5.84	5.96	
208	5.61	5.73	5.84	5.96	
209	5.61	5.73	5.84	5.96	
210	5.61	5.73	5.84	5.96	
211	5.61	5.73	5.84	5.96	
212	5.61	5.73	5.84	5.96	
213	5.61	5.73	5.84	5.96	
214	5.61	5.73	5.84	5.96	
215	5.61	5.73	5.84	5.96	
216	5.61	5.73	5.84	5.96	
217	5.61	5.73	5.84	5.96	
218	5.61	5.73	5.84	5.96	
219	5.61	5.73	5.84	5.96	
220	5.61	5.73	5.84	5.96	
221	5.61	5.73	5.84	5.96	
222	5.61	5.73	5.84	5.96	
223	5.61	5.73	5.84	5.96	
224	5.61	5.73	5.84	5.96	
225	5.61	5.73	5.84	5.96	
226	5.61	5.73	5.84	5.96	
227	5.61	5.73	5.84	5.96	
228	5.61	5.73	5.84	5.96	
229	5.61	5.73	5.84	5.96	
230	5.61	5.73	5.84	5.96	
231	5.61	5.73	5.84	5.96	
232	5.61	5.73	5.84	5.96	
233	5.61	5.73	5.84	5.96	
234	5.61	5.73	5.84	5.96	
235	5.61	5.73	5.84	5.96	
236	5.61	5.73	5.84	5.96	
237	5.61	5.73	5.84	5.96	
238	5.61	5.73	5.84	5.96	
239	5.61	5.73	5.84	5.96	
240	5.61	5.73	5.84	5.96	
241	5.61	5.73	5.84	5.96	
242	5.61	5.73	5.84	5.96	
243	5.61	5.73	5.84	5.96	
244	5.61	5.73	5.84	5.96	
245	5.61	5.73	5.84	5.96	
246	5.61	5.73	5.84	5.96	
247	5.61	5.73	5.84	5.96	
248	5.61	5.73	5.84	5.96	
249	5.61	5.73	5.84	5.96	
250	5.61	5.73	5.84	5.96	
251	5.61	5.73	5.84	5.96	
252	5.61	5.73	5.84	5.96	
253	5.61	5.73	5.84	5.96	
254	5.61	5.73	5.84	5.96	
255	5.61	5.73	5.84	5.96	
256	5.61	5.73	5.84	5.96	
257	5.61	5.73	5.84	5.96	
258	5.61	5.73	5.84	5.96	
259	5.61	5.73	5.84	5.96	
260	5.61	5.73	5.84	5.96	
261	5.61	5.73	5.84	5.96	
262	5.61	5.73	5.84	5.96	
263	5.61	5.73	5.84	5.96	
264	5.61	5.73	5.84	5.96	
265	5.61	5.73	5.84	5.96	
266	5.61	5.73	5.84	5.96	
267	5.61	5.73	5.84	5.96	
268	5.61	5.73	5.84	5.96	
269	5.61	5.73	5.84	5.96	
270	5.61	5.73	5.84	5.96	
271	5.61	5.73	5.84	5.96	
272	5.61	5.73	5.84	5.96	
273	5.61	5.73	5.84	5.96	
274	5.61	5.73	5.84	5.96	
275	5.61	5.73	5.84	5.96	
276	5.61	5.73	5.84	5.96	
277	5.61	5.73	5.84	5.96	
278	5.61	5.73	5.84	5.96	
279	5.61	5.73	5.84	5.96	
280	5.61	5.73	5.84	5.96	
281	5.61	5.73	5.84	5.96	
282	5.61	5.73	5.84	5.96	
283	5.61	5.73	5.84	5.96	
284	5.61	5.73	5.84	5.96	
285	5.61	5.73	5.84	5.96	
286	5.61	5.73	5.84	5.96	
287	5.61	5.73	5.84	5.96	
288	5.61	5.73	5.84	5.96	
289	5.61	5.73	5.84	5.96	
290	5.61	5.73	5.84	5.96	
291	5.61	5.73	5.84	5.96	
292	5.61	5.73	5.84	5.96	
293	5.61	5.73	5.84	5.96	
294	5.61	5.73	5.84	5.96	
295	5.61	5.73	5.84	5.96	
296	5.61	5.73	5.84	5.96	
297	5.61	5.73	5.84	5.96	
298	5.61	5.73	5.84	5.96	
299	5.61	5.73	5.84	5.96	
300	5.61	5.73	5.84	5.96	
301	5.61	5.73	5.84	5.96	
302	5.61	5.73	5.84	5.96	
303	5.61	5.73	5.84	5.96	
304	5.61	5.73	5.84	5.96	
305	5.61	5.73	5.84	5.96	
306	5.61	5.73	5.84	5.96	
307	5.61	5.73	5.84	5.96	
308	5.61	5.73	5.84	5.96	
309	5.61	5.73	5.84	5.96	
310	5.61	5.73	5.84	5.96	
311	5.61	5.73	5.84	5.96	
312	5.61	5.73	5.84	5.96	
313	5.61	5.73	5.84	5.96	
314	5.61	5.73	5.84	5.96	
315	5.61	5.73	5.84	5.96	
316	5.61	5.73	5.84	5.96	
317	5.61	5.73	5.84	5.96	
318	5.61	5.73	5.84	5.96	
319	5.61	5.73	5.84	5.96	
320	5.61	5.73	5.84	5.96	
321	5.61	5.73	5.84	5.96	
322	5.61	5.73	5.84	5.96	
323	5.61	5.73	5.84	5.96	
324	5.61	5.73	5.84	5.96	
325	5.61	5.73	5.84	5.96	
326	5.61	5.73	5.84	5.96	
327	5.61	5.73	5.84	5.96	
328	5.61	5.73	5.84	5.96	
329	5.61	5.73	5.84	5.96	
330	5.61	5.73	5.84	5.96	
331	5.61	5.73	5.84	5.96	
332	5.61	5.73	5.84	5.96	
333	5.61	5.73	5.84	5.96	
334	5.61	5.73	5.84	5.96	
335	5.61	5.73	5.84	5.96	
336	5.61	5.73	5.84	5.96	
337	5.61	5.73	5.84	5.96	
338	5.61	5.73	5.84	5.96	
339	5.61	5.73	5.84	5.96	
340	5.61	5.73	5.84	5.96	
341	5.61	5.73	5.84	5.96	
342	5.61	5.73	5.84	5.96	
343	5.61	5.73	5.84	5.96	
344	5.61	5.73	5.84	5.96	
345	5.61	5.73	5.84	5.96	
346	5.61	5.73	5.84	5.96	
347	5.61	5.73	5.84	5.96	
348	5.61	5.73	5.84	5.96	
349	5.61	5.73	5.84	5.96	
350	5.61	5.73	5.84	5.96	
351	5.61	5.73	5.84	5.96	
352	5.61	5.73	5.84	5.96	
353	5.61	5.73	5.84	5.96	
354	5.61	5.73	5.84	5.96	
355	5.61	5.73	5.84	5.96	
356	5.61	5.73	5.84	5.96	
357	5.61	5.73	5.84	5.96	
358	5.61	5.73	5.84	5.96	
359	5.61	5.73	5.84	5.96	
360	5.61	5.73	5.84	5.96	
361	5.61	5.73	5.84	5.96	
362	5.61	5.73	5.84	5.96	
363	5.61	5.73	5.84	5.96	
364	5.61	5.73	5.84	5.96	
365	5.61	5.73	5.84	5.96	
366	5.61	5.73	5.84	5.96	
367	5.61	5.73	5.84	5.96	
368	5.61	5.73	5.84	5.96	
369	5.61	5.73	5.84	5.96	
370	5.61	5.73	5.84	5.96	
371	5.61	5.73	5.84	5.96	
372	5.61	5.73	5.84	5.96	
373	5.61	5.73	5.84	5.96	
374	5.61	5.73	5.84	5.96	
375	5.61	5.73	5.84	5.96	
376	5.61	5.73	5.84	5.96	
377	5.61	5.73	5.84	5.96	
378	5.61	5.73	5.84	5.96	
379	5.61	5.73	5.84	5.96	
380	5.61	5.73	5.84	5.96	
381	5.61	5.73	5.84	5.96	
382	5.61	5.73	5.84	5.96	
383	5.61	5.73	5.84	5.96	
384	5.61	5.73	5.84	5.96	
385	5.61	5.73	5.84	5.96	
386	5.61	5.73	5.84	5.96	
387	5.61	5.73	5.84	5.96	
388	5.61	5.73	5.84	5.96	
389	5.61	5.73	5.84	5.96	
390	5.61	5.73	5.84	5.96	
391	5.61	5.73	5.84	5.96	
392	5.61	5.73	5.84	5.96	
393	5.61	5.73	5.84	5.96	
394	5.61	5.73	5.84	5.96	
395	5.61	5.73	5.84	5.96	
396	5.61	5.73	5.84	5.96	
397	5.61	5.73	5.84	5.96	
398	5.61	5.73	5.84	5.96	
399	5.61	5.73	5.84	5.96	
400	5.61	5.73	5.84	5.96	
401	5.61	5.73	5.84	5.96	
402	5.61	5.73	5.84	5.96	
403	5.61	5.73	5.84	5.96	
404	5.61	5.73	5.84	5.96	
405	5.61	5.73	5.84	5.96	
406	5.61	5.73	5.84	5.96	
407	5.61	5.73	5.84	5.96	
408	5.61	5.73	5.84	5.96	
409	5.61	5.73	5.84	5.96	
410	5.61	5.73	5.84	5.96	
411	5.61	5.73	5.84	5.96	
412	5.61	5.73	5.84	5.96	
413	5.61	5.73	5.84	5.96	
1	-129.24	-139.76	-150.52	-161.5	
2	-129.24	-139.76	-150.52	-161.5	
3	-129.24	-139.76	-150.52	-161.5	
4	-129.24	-139.76	-150.52	-161.5	
5	-129.24	-139.76	-150.52	-161.5	
6	-129.24	-139.76	-150.52	-161.5	
7	-129.24	-139.76	-150.52	-161.5	
8	-129.24	-139.76	-150.52	-161.5	
9	-129.24	-139.76	-150.52	-161.5	
10	-129.24	-139.76	-150.52	-161.5	
11	-129.24	-139.76	-150.52	-161.5	
12	-129.24	-139.76	-150.52	-161.5	
13	-129.24	-139.76	-150.52	-161.5	
14	-129.24	-139.76	-150.52	-161.5	
15	-129.24	-139.76	-150.52	-161.5	
16	-129.24	-139.76	-150.52	-161.5	
17	-129.24	-139.76	-150.52	-161.5	
18	-129.24	-139.76	-150.52	-161.5	
19	-129.24	-139.76	-150.52	-161.5	
20	-129.24	-139.76	-150.52	-161.5	
21	-129.24	-139.76	-150.52	-161.5	
22	-129.24	-139.76	-150.52	-161.5	
23	-129.24	-139.76	-150.52	-161.5	
24	-129.24	-139.76	-150.52	-161.5	
25	-129.24	-139.76	-150.52	-161.5	
26	-129.24	-139.76	-150.52	-161.5	
27	-129.24	-139.76	-150.52	-161.5	
28	-129.24	-139.76	-150.52	-161.5	
29	-129.24	-139.76	-150.52	-161.5	
30	-129.24	-139.76	-150.52	-161.5	
31	-129.24	-139.76	-150.52	-161.5	
32	-129.24	-139.76	-150.52	-161.5	
33	-129.24	-139.76	-150.52	-161.5	
34	-129.24	-139.76	-150.52	-161.5	
35	-129.24	-139.76	-150.52	-161.5	
36	-129.24	-139.76	-150.52	-161.5	
37	-129.24	-139.76	-150.52	-161.5	
38	-129.24	-139.76	-150.52	-161.5	
39	-129.24	-139.76	-150.52	-161.5	
40	-129.24	-139.76	-150.52	-161.5	
41	-129.24	-139.76	-150.52	-161.5	
42	-129.24	-139.76	-150.52	-161.5	
43	-129.24	-139.76	-150.52	-161.5	
44	-129.24	-139.76	-150.52	-161.5	
45	-129.24	-139.76	-150.52	-161.5	
46	-129.24	-139.76	-150.52	-161.5	
47	-129.24	-139.76	-150.52	-161.5	
48	-129.24	-139.76	-150.52	-161.5	
49	-129.24	-139.76	-150.52	-161.5	
50	-129.24	-139.76	-150.52	-161.5	
51	-129.24	-139.76	-150.52	-161.5	
52	-129.24	-139.76	-150.52	-161.5	
53	-129.24	-139.76	-150.52	-161.5	
54	-129.24	-139.76	-150.52	-161.5	
55	-129.24	-139.76	-150.52	-161.5	
56	-129.24	-139.76	-150.52	-161.5	
57	-129.24	-139.76	-150.52	-161.5	
58	-129.24	-139.76	-150.52	-161.5	
59	-129.24	-139.76	-150.52	-161.5	
60	-129.24	-139.76	-150.52	-161.5	
61	-129.24	-139.76	-150.52	-161.5	
62	-129.24	-139.76	-150.52	-161.5	
63	-129.24	-139.76	-150.52	-161.5	
64	-129.24	-139.76	-150.52	-161.5	
65	-129.24	-139.76	-150.52	-161.5	
66	-129.24	-139.76	-150.52	-161.5	
67	-129.24	-139.76	-150.52	-161.5	
68	-129.24	-139.76	-150.52	-161.5	
69	-129.24	-139.76	-150.52	-161.5	
70	-129.24	-139.76	-150.52	-161.5	
71	-129.24	-139.76	-150.52	-161.5	
72	-129.24	-139.76	-150.52	-161.5	
73	-129.24	-139.76	-150.52	-161.5	
74	-129.24	-139.76	-150.52	-161.5	
75	-129.24	-139.76	-150.52	-161.5	
76	-129.24	-139.76	-150.52	-161.5	
77	-129.24	-139.76	-150.52	-161.5	
78	-129.24	-139.76	-150.52	-161.5	
79	-129.24	-139.76	-150.52	-161.5	
80	-129.24	-139.76	-150.52	-161.5	
81	-129.24	-139.76	-150.52	-161.5	
82	-129.24	-139.76	-150.52	-161.5	
83	-129.24	-139.76	-150.52	-161.5	
84	-129.24	-139.76	-150.52	-161.5	
85	-129.24	-139.76	-150.52	-161.5	
86	-129.24	-139.76	-150.52	-161.5	
87	-129.24	-139.76	-150.52	-161.5	
88	-129.24	-139.76	-150.52	-161.5	
89	-129.24	-139.76	-150.52	-161.5	
90	-129.24	-139.76	-150.52	-161.5	
91	-129.24	-139.76	-150.52	-161.5	
92	-129.24	-139.76	-150.52	-161.5	
93	-129.24	-139.76	-150.52	-161.5	
94	-129.24	-139.76	-150.52	-161.5	
95	-129.24	-139.76	-150.52	-161.5	
96	-129.24	-139.76	-150.52	-161.5	
97	-129.24	-139.76	-150.52	-161.5	
98	-129.24	-139.76	-150.52	-161.5	
99	-129.24	-139.76	-150.52	-161.5	
100	-129.24	-139.76	-150.52	-161.5	
101	-129.24	-139.76	-150.52	-161.5	
102	-129.24	-139.76	-150.52	-161.5	
103	-129.24	-139.76	-150.52	-161.5	
104	-129.24	-139.76	-150.52	-161.5	
105	-129.24	-139.76	-150.52	-161.5	
106	-129.24	-139.76	-150.52	-161.5	
107	-129.24	-139.76	-150.52	-161.5	
108	-129.24	-139.76	-150.52	-161.5	
109	-129.24	-139.76	-150.52	-161.5	
110	-129.24	-139.76	-150.52	-161.5	
111	-129.24	-139.76	-150.52	-161.5	
112	-129.24	-139.76	-150.52	-161.5	
113	-129.24	-139.76	-150.52	-161.5	
114	-129.24	-139.76	-150.52	-161.5	
115	-129.24	-139.76	-150.52	-161.5	
116	-129.24	-139.76	-150.52	-161.5	
117	-129.24	-139.76	-150.52	-161.5	
118	-129.24	-139.76	-150.52	-161.5	
119	-129.24	-139.76	-150.52	-161.5	
120	-129.24	-139.76	-150.52	-161.5	
121	-129.24	-139.76	-150.52	-161.5	
122	-129.24	-139.76	-150.52	-161.5	
123	-129.24	-139.76	-150.52	-161.5	
124	-129.24	-139.76	-150.52	-161.5	
125	-129.24	-139.76	-150.52	-161.5	
126	-129.24	-139.76	-150.52	-161.5	
127	-129.24	-139.76	-150.52	-161.5	
128	-129.24	-139.76	-150.52	-161.5	
129	-129.24	-139.76	-150.52	-161.5	
130	-129.24	-139.76	-150.52	-161.5	
131	-129.24	-139.76	-150.52	-161.5	
132	-129.24	-139.76	-150.52	-161.5	
133	-129.24	-139.76	-150.52	-161.5	
134	-129.24	-139.76	-150.52	-161.5	
135	-129.24	-139.76	-150.52	-161.5	
136	-129.24	-139.76	-150.52	-161.5	
137	-129.24	-139.76	-150.52	-161.5	
138	-129.24	-139.76	-150.52	-161.5	
139	-129.24	-139.76	-150.52	-161.5	
140	-129.24	-139.76	-150.52	-161.5	
141	-129.24	-139.76	-150.52	-161.5	
142	-129.24	-139.76	-150.52	-161.5	
143	-129.24	-139.76	-150.52	-161.5	
144	-129.24	-139.76	-150.52	-161.5	
145	-129.24	-139.76	-150.52	-161.5	
146	-129.24	-139.76	-150.52	-161.5	
147	-129.24	-139.76	-150.52	-161.5	
148	-129.24	-139.76	-150.52	-161.5	
149	-129.24	-139.76	-150.52	-161.5	
150	-129.24	-139.76	-150.52	-161.5	
151	-129.24	-139.76	-150.52	-161.5	
152	-129.24	-139.76	-150.52	-161.5	
153	-129.24	-139.76	-150.52	-161.5	
154	-129.24	-139.76	-150.52	-161.5	
155	-129.24	-139.76	-150.52	-161.5	
156	-129.24	-139.76	-150.52	-161.5	
157	-129.24	-139.76	-150.52	-161.5	
158	-129.24	-139.76	-150.52	-161.5	
159	-129.24	-139.76	-150.52	-161.5	
160	-129.24	-139.76	-150.52	-161.5	
161	-129.24	-139.76	-150.52	-161.5	
162	-129.24	-139.76	-150.52	-161.5	
163	-129.24	-139.76	-150.52	-161.5	
164	-129.24	-139.76	-150.52	-161.5	
165	-129.24	-139.76	-150.52	-161.5	
166	-129.24	-139.76	-150.52	-161.5	
167	-129.24	-139.76	-150.52	-161.5	
168	-129.24	-139.76	-150.52	-161.5	
169	-129.24	-139.76	-150.52	-161.5	
170	-129.24	-139.76	-150.52	-161.5	
171	-129.24	-139.76	-150.52	-161.5	
172	-129.24	-139.76	-150.52	-161.5	
173	-129.24	-139.76	-150.52	-161.5	
174	-129.24	-139.76	-150.52	-161.5	
175	-129.24	-139.76	-150.52	-161.5	
176	-129.24	-139.76	-150.52	-161.5	
177	-129.24	-139.76	-150.52	-161.5	
178	-129.24	-139.76	-150.52	-161.5	
179	-129.24	-139.76	-150.52	-161.5	
180	-129.24	-139.76	-150.52	-161.5	
181	-129.24	-139.76	-150.52	-161.5	
182	-129.24	-139.76	-150.52	-161.5	
183	-129.24	-139.76	-150.52	-161.5	
184	-129.24	-139.76	-150.52	-161.5	
185	-129.24	-139.76	-150.52	-161.5	
186	-129.24	-139.76	-150.52	-161.5	
187	-129.24	-139.76	-150.52	-161.5	
188	-129.24	-139.76	-150.52	-161.5	
189	-129.24	-139.76	-150.52	-161.5	
190	-129.24	-139.76	-150.52	-161.5	
191	-129.24	-139.76	-150.52	-161.5	
192	-129.24	-139.76	-150.52	-161.5	
193	-129.24	-139.76	-150.52	-161.5	
194	-129.24	-139.76	-150.52	-161.5	
195	-129.24	-139.76	-150.52	-161.5	
196	-129.24	-139.76	-150.52	-161.5	
197	-129.24	-139.76	-150.52	-161.5	
198	-129.24	-139.76	-150.52	-161.5	
199	-129.24	-139.76	-150.52	-161.5	
200	-129.24	-139.76	-150.52	-161.5	
201	-129.24	-139.76	-150.52	-161.5	
202	-129.24	-139.76	-150.52	-161.5	
203	-129.24	-139.76	-150.52	-161.5	
204	-129.24	-139.76	-150.52	-161.5	
205	-129.24	-139.76	-150.52	-161.5	
206	-129.24	-139.76	-150.52	-161.5	
207	-129.24	-139.76	-150.52	-161.5	
208	-129.24	-139.76	-150.52	-161.5	
209	-129.24	-139.76	-150.52	-161.5	
210	-129.24	-139.76	-150.52	-161.5	
211	-129.24	-139.76	-150.52	-161.5	
212	-129.24	-139.76	-150.52	-161.5	
213	-129.24	-139.76	-150.52	-161.5	
214	-129.24	-139.76	-150.52	-161.5	
215	-129.24	-139.76	-150.52	-161.5	
216	-129.24	-139.76	-150.52	-161.5	
217	-129.24	-139.76	-150.52	-161.5	
218	-129.24	-139.76	-150.52	-161.5	
219	-129.24	-139.76	-150.52	-161.5	
220	-129.24	-139.76	-150.52	-161.5	
221	-129.24	-139.76	-150.52	-161.5	
222	-129.24	-139.76	-150.52	-161.5	
223	-129.24	-139.76	-150.52	-161.5	
224	-129.24	-139.76	-150.52	-161.5	
225	-129.24	-139.76	-150.52	-161.5	
226	-129.24	-139.76	-150.52	-161.5	
227	-129.24	-139.76	-150.52	-161.5	
228	-129.24	-139.76	-150.52	-161.5	
229	-129.24	-139.76	-150.52	-161.5	
230	-129.24	-139.76	-150.52	-161.5	
231	-129.24	-139.76	-150.52	-161.5	
232	-129.24	-139.76	-150.52	-161.5	
233	-129.24	-139.76	-150.52	-161.5	
234	-129.24	-139.76	-150.52	-161.5	
235	-129.24	-139.76	-150.52	-161.5	
236	-129.24	-139.76	-150.52	-161.5	
237	-129.24	-139.76	-150.52	-161.5	
238	-129.24	-139.76	-150.52	-161.5	
239	-129.24	-139.76	-150.52	-161.5	
240	-129.24	-139.76	-150.52	-161.5	
241	-129.24	-139.76	-150.52	-161.5	
242	-129.24	-139.76	-150.52	-161.5	
243	-129.24	-139.76	-150.52	-161.5	
244	-129.24	-139.76	-150.52	-161.5	
245	-129.24	-139.76	-150.52	-161.5	
246	-129.24	-139.76	-150.52	-161.5	
247	-129.24	-139.76	-150.52	-161.5	
248	-129.24	-139.76	-150.52	-161.5	
249	-129.24	-139.76	-150.52	-161.5	
250	-129.24	-139.76	-150.52	-161.5	
251	-129.24	-139.76	-150.52	-161.5	
252	-129.24	-139.76	-150.52	-161.5	
253	-129.24	-139.76	-150.52	-161.5	
254	-129.24	-139.76	-150.52	-161.5	
255	-129.24	-139.76	-150.52	-161.5	
256	-129.24	-139.76	-150.52	-161.5	
257	-129.24	-139.76	-150.52	-161.5	
258	-129.24	-139.76	-150.52	-161.5	
259	-129.24	-139.76	-150.52	-161.5	
260	-129.24	-139.76	-150.52	-161.5	
261	-129.24	-139.76	-150.52	-161.5	
262	-129.24	-139.76	-150.52	-161.5	
263	-129.24	-139.76	-150.52	-161.5	
264	-129.24	-139.76	-150.52	-161.5	
265	-129.24	-139.76	-150.52	-161.5	
266	-129.24	-139.76	-150.52	-161.5	
267	-129.24	-139.76	-150.52	-161.5	
268	-129.24	-139.76	-150.52	-161.5	
269	-129.24	-139.76	-150.52	-161.5	
270	-129.24	-139.76	-150.52	-161.5	
271	-129.24	-139.76	-150.52	-161.5	
272	-129.24	-139.76	-150.52	-161.5	
273	-129.24	-139.76	-150.52	-161.5	
274	-129.24	-139.76	-150.52	-161.5	
275	-129.24	-139.76	-150.52	-161.5	
276	-129.24	-139.76	-150.52	-161.5	
277	-129.24	-139.76	-150.52	-161.5	
278	-129.24	-139.76	-150.52	-161.5	
279	-129.24	-139.76	-150.52	-161.5	
280	-129.24	-139.76	-150.52	-161.5	
281	-129.24	-139.76	-150.52	-161.5	
282	-129.24	-139.76	-150.52	-161.5	
283	-129.24	-139.76	-150.52	-161.5	
284	-129.24	-139.76	-150.52	-161.5	
285	-129.24	-139.76	-150.52	-161.5	
286	-129.24	-139.76	-150.52	-161.5	
287	-129.24	-139.76	-150.52	-161.5	
288	-129.24	-139.76	-150.52	-161.5	
289	-129.24	-139.76	-150.52	-161.5	
290	-129.24	-139.76	-150.52	-161.5	
291	-129.24	-139.76	-150.52	-161.5	
292	-129.24	-139.76	-150.52	-161.5	
293	-129.24	-139.76	-150.52	-161.5	
294	-129.24	-139.76	-150.52	-161.5	
295	-129.24	-139.76	-150.52	-161.5	
296	-129.24	-139.76	-150.52	-161.5	
297	-129.24	-139.76	-150.52	-161.5	
298	-129.24	-139.76	-150.52	-161.5	
299	-129.24	-139.76	-150.52	-161.5	
300	-129.24	-139.76	-150.52	-161.5	
301	-129.24	-139.76	-150.52	-161.5	
302	-129.24	-139.76	-150.52	-161.5	
303	-129.24	-139.76	-150.52	-161.5	
304	-129.24	-139.76	-150.52	-161.5	
305	-129.24	-139.76	-150.52	-161.5	
306	-129.24	-139.76	-150.52	-161.5	
307	-129.24	-139.76	-150.52	-161.5	
308	-129.24	-139.76	-150.52	-161.5	
309	-129.24	-139.76	-150.52	-161.5	
310	-129.24	-139.76	-150.52	-161.5	
311	-129.24	-139.76	-150.52	-161.5	
312	-129.24	-139.76	-150.52	-161.5	
313	-129.24	-139.76	-150.52	-161.5	
314	-129.24	-139.76	-150.52	-161.5	
315	-129.24	-139.76	-150.52	-161.5	
316	-129.24	-139.76	-150.52	-161.5	
317	-129.24	-139.76	-150.52	-161.5	
318	-129.24	-139.76	-150.52	-161.5	
319	-129.24	-139.76	-150.52	-161.5	
320	-129.24	-139.76	-150.52	-161.5	
321	-129.24	-139.76	-150.52	-161.5	
322	-129.24	-139.76	-150.52	-161.5	
323	-129.24	-139.76	-150.52	-161.5	
324	-129.24	-139.76	-150.52	-161.5	
325	-129.24	-139.76	-150.52	-161.5	
326	-129.24	-139.76	-150.52	-161.5	
327	-129.24	-139.76	-150.52	-161.5	
328	-129.24	-139.76	-150.52	-161.5	
329	-129.24	-139.76	-150.52	-161.5	
330	-129.24	-139.76	-150.52	-161.5	
331	-129.24	-139.76	-150.52	-161.5	
332	-129.24	-139.76	-150.52	-161.5	
333	-129.24	-139.76	-150.52	-161.5	
334	-129.24	-139.76	-150.52	-161.5	
335	-129.24	-139.76	-150.52	-161.5	
336	-129.24	-139.76	-150.52	-161.5	
337	-129.24	-139.76	-150.52	-161.5	
338	-129.24	-139.76	-150.52	-161.5	
339	-129.24	-139.76	-150.52	-161.5	
340	-129.24	-139.76	-150.52	-161.5	
341	-129.24	-139.76	-150.52	-161.5	
342	-129.24	-139.76	-150.52	-161.5	
343	-129.24	-139.76	-150.52	-161.5	
344	-129.24	-139.76	-150.52	-161.5	
345	-129.24	-139.76	-150.52	-161.5	
346	-129.24	-139.76	-150.52	-161.5	
347	-129.24	-139.76	-150.52	-161.5	
348	-129.24	-139.76	-150.52	-161.5	
349	-129.24	-139.76	-150.52	-161.5	
350	-129.24	-139.76	-150.52	-161.5	
351	-129.24	-139.76	-150.52	-161.5	
352	-129.24	-139.76	-150.52	-161.5	
353	-129.24	-139.76	-150.52	-161.5	
354	-129.24	-139.76	-150.52	-161.5	
355	-129.24	-139.76	-150.52	-161.5	
356	-129.24	-139.76	-150.52	-161.5	
357	-129.24	-139.76	-150.52	-161.5	
358	-129.24	-139.76	-150.52	-161.5	
359	-129.24	-139.76	-150.52	-161.5	
360	-129.24	-139.76	-150.52	-161.5	
361	-129.24	-139.76	-150.52	-161.5	
362	-129.24	-139.76	-150.52	-161.5	
363	-129.24	-139.76	-150.52	-161.5	
364	-129.24	-139.76	-150.52	-161.5	
365	-129.24	-139.76	-150.52	-161.5	
366	-129.24	-139.76	-150.52	-161.5	
367	-129.24	-139.76	-150.52	-161.5	
368	-129.24	-139.76	-150.52	-161.5	
369	-129.24	-139.76	-150.52	-161.5	
370	-129.24	-139.76	-150.52	-161.5	
371	-129.24	-139.76	-150.52	-161.5	
372	-129.24	-139.76	-150.52	-161.5	
373	-129.24	-139.76	-150.52	-161.5	
374	-129.24	-139.76	-150.52	-161.5	
375	-129.24	-139.76	-150.52	-161.5	
376	-129.24	-139.76	-150.52	-161.5	
377	-129.24	-139.76	-150.52	-161.5	
378	-129.24	-139.76	-150.52	-161.5	
379	-129.24	-139.76	-150.52	-161.5	
380	-129.24	-139.76	-150.52	-161.5	
381	-129.24	-139.76	-150.52	-161.5	
382	-129.24	-139.76	-150.52	-161.5	
383	-129.24	-139.76	-150.52	-161.5	
384	-129.24	-139.76	-150.52	-161.5	
385	-129.24	-139.76	-150.52	-161.5	
386	-129.24	-139.76	-150.52	-161.5	
387	-129.24	-139.76	-150.52	-161.5	
388	-129.24	-139.76	-150.52	-161.5	
389	-129.24	-139.76	-150.52	-161.5	
390	-129.24	-139.76	-150.52	-161.5	
391	-129.24	-139.76	-150.52	-161.5	
392	-129.24	-139.76	-150.52	-161.5	
393	-129.24	-139.76	-150.52	-161.5	
394	-129.24	-139.76	-150.52	-161.5	
395	-129.24	-139.76	-150.52	-161.5	
396	-129.24	-139.76	-150.52	-161.5	
397	-129.24	-139.76	-150.52	-161.5	
398	-129.24	-139.76	-150.52	-161.5	
399	-129.24	-139.76	-150.52	-161.5	
400	-129.24	-139.76	-150.52	-161.5	
401	-129.24	-139.76	-150.52	-161.5	
402	-129.24	-139.76	-150.52	-161.5	
403	-129.24	-139.76	-150.52	-161.5	
404	-129.24	-139.76	-150.52	-161.5	
405	-129.24	-139.76	-150.52	-161.5	
406	-129.24	-139.76	-150.52	-161.5	
407	-129.24	-139.76	-150.52	-161.5	
408	-129.24	-139.76	-150.52	-161.5	
409	-129.24	-139.76	-150.52	-161.5	
410	-129.24	-139.76	-150.52	-161.5	
411	-129.24	-139.76	-150.52	-161.5	
412	-129.24	-139.76	-150.52	-161.5	
413	-129.24	-139.76	-150.52	-161.5	
